4,11016510326281233,21851,20731,182,8222956,7781079,-3944,9177,456,8916,-3861,-2363
10,11016510571406401,-5819,14659,992,246180,3290864,-713,-409,9966,-2348,5848,7763
8,11016510608092195,-6892,-10184,420,46433,4794949,6662,2848,-6891,9821,332,1851
4,11016510814326058,21849,20735,182,8268270,5490396,-3950,9176,424,9031,-1052,-4162
10,11016511099403722,-5819,14659,991,212712,2498114,-680,-649,9955,-2185,6373,7389
8,11016511120088405,-6892,-10184,421,38929,4037844,5048,7599,-4094,9065,3085,2880
4,11016511302370513,21847,20739,182,8287989,5029113,-3945,9178,439,9094,1462,-3892
10,11016511627400459,-5819,14659,991,211234,3251590,-1351,-104,9907,-4791,6886,5442
8,11016511632084229,-6892,-10184,421,48191,2954750,-445,8933,-4471,6059,7117,3554
4,11016511790415540,21846,20743,182,8273509,4872635,-3951,9175,436,9101,-536,-4108
8,11016512144080645,-6892,-10184,421,52063,2794872,-464,8301,-5555,6027,7307,3204
10,11016512155397336,-5820,14659,991,226529,3563733,-1793,-428,9828,-7008,4354,5649
4,11016512278460403,21844,20747,182,8255456,6151654,-3939,9182,407,8960,-1770,-4071
8,11016512656077095,-6892,-10184,421,26547,2122781,-135,8753,-4832,8000,2216,5574
4,11016512766504553,21843,20750,182,8265501,7105994,-3916,9192,393,9244,101,-3812
8,11016513168073204,-6892,-10184,421,40128,4652932,8657,5003,-144,9504,618,3045
10,11016513211391657,-5820,14659,993,278240,6787995,-2891,968,9523,-7437,5246,4142
4,11016513254549810,21841,20754,182,8292512,3891382,-3957,9175,396,7250,1480,-6725
8,11016513680069279,-6891,-10183,423,188905,14229416,6121,7001,3675,7788,5974,1909
10,11016513739388007,-5820,14659,992,257514,6068250,-3222,-1251,9383,-9190,-1033,3803
4,11016513742593799,21839,20758,182,8290099,4495669,-3945,9180,392,7901,1617,-5911
8,11016514192065535,-6893,-10183,420,180699,10827000,-5723,7913,-2147,-6214,7811,597
4,11016514230638761,21838,20762,184,8318166,6490390,-3908,9193,450,8100,5271,-2567
10,11016514267385199,-5820,14660,992,264537,7116000,-3178,1721,9323,-6731,6580,3375
8,11016514704061346,-6892,-10183,420,149917,8008407,-5249,7929,-3091,-5754,8154,620
4,11016514718683515,21835,20766,187,8389741,5962108,-3984,9157,519,-3224,9436,-744
10,11016514795382253,-5821,14660,993,390404,20250602,-6789,3108,6651,-9054,4041,1294
4,11016515206727711,21834,20769,188,8376642,5060330,-3978,9157,550,-2078,9781,23
8,11016515216057233,-6892,-10183,420,144186,7524574,-4710,8528,-2253,-4738,8748,1002
10,11016515323379281,-5821,14660,992,342399,16389528,-6628,2803,6942,-9063,4014,1315
4,11016515694772672,21832,20772,191,8361847,5497683,-3944,9167,628,3327,9142,2311
8,11016515728053815,-6892,-10183,421,139014,7161353,-5869,8014,-1146,-6317,7607,1490
10,11016515851376231,-5821,14660,992,288467,11112521,-5187,3449,7822,-7353,6555,1714
4,11016516182817574,21831,20777,190,8368394,7939116,-3895,9192,575,5995,7990,462
8,11016516240050079,-6893,-10184,418,148946,5770813,-5846,5175,-6247,-8551,5141,-653
10,11016516379373056,-5821,14660,992,271750,9481784,-5040,3070,8072,-7402,6460,1860

